/*--------------------------------*- C++ -*----------------------------------*\
  =========                 |
  \\      /  F ield         | OpenFOAM: The Open Source CFD Toolbox
   \\    /   O peration     | Website:  https://openfoam.org
    \\  /    A nd           | Version:  6
     \\/     M anipulation  |
\*---------------------------------------------------------------------------*/
FoamFile
{
    version     2.0;
    format      ascii;
    class       regIOobject;
    location    "constant/polyMesh";
    object      faceZones;
}
// * * * * * * * * * * * * * * * * * * * * * * * * * * * * * * * * * * * * * //

6
(
wall_merge0wall_merge10MasterZone
{
    type faceZone;
faceLabels      List<label> 
8464
(
359
719
1079
1439
1799
2159
2519
2879
3239
3599
3959
4319
4679
5039
5399
5759
6119
6479
6839
7199
7559
7919
8279
8639
8999
9359
9719
10079
10439
10799
11159
11519
11879
12239
12599
12959
13319
13679
14039
14399
14759
15119
15479
15839
16199
16559
16919
17279
17639
17999
18359
18719
19079
19439
19799
20159
20519
20879
21239
21599
21959
22319
22679
23039
23399
23759
24119
24479
24839
25199
25559
25919
26279
26639
26999
27359
27719
28079
28439
28799
29159
29519
29879
30239
30599
30959
31319
31679
32039
32399
32759
32999
33359
33719
34079
34439
34799
35159
35519
35879
36239
36599
36959
37319
37679
38039
38399
38759
39119
39479
39839
40199
40559
40919
41279
41639
41999
42359
42719
43079
43439
43799
44159
44519
44879
45239
45599
45959
46319
46679
47039
47399
47759
48119
48479
48839
49199
49559
49919
50279
50639
50999
51359
51719
52079
52439
52799
53159
53519
53879
54239
54599
54959
55319
55679
56039
56399
56759
57119
57479
57839
58199
58559
58919
59279
59639
59999
60359
60719
61079
61439
61799
62159
62519
62879
63239
63599
63959
64319
64679
65039
65399
65759
65999
66359
66719
67079
67439
67799
68159
68519
68879
69239
69599
69959
70319
70679
71039
71399
71759
72119
72479
72839
73199
73559
73919
74279
74639
74999
75359
75719
76079
76439
76799
77159
77519
77879
78239
78599
78959
79319
79679
80039
80399
80759
81119
81479
81839
82199
82559
82919
83279
83639
83999
84359
84719
85079
85439
85799
86159
86519
86879
87239
87599
87959
88319
88679
89039
89399
89759
90119
90479
90839
91199
91559
91919
92279
92639
92999
93359
93719
94079
94439
94799
95159
95519
95879
96239
96599
96959
97319
97679
98039
98399
98759
98999
99359
99719
100079
100439
100799
101159
101519
101879
102239
102599
102959
103319
103679
104039
104399
104759
105119
105479
105839
106199
106559
106919
107279
107639
107999
108359
108719
109079
109439
109799
110159
110519
110879
111239
111599
111959
112319
112679
113039
113399
113759
114119
114479
114839
115199
115559
115919
116279
116639
116999
117359
117719
118079
118439
118799
119159
119519
119879
120239
120599
120959
121319
121679
122039
122399
122759
123119
123479
123839
124199
124559
124919
125279
125639
125999
126359
126719
127079
127439
127799
128159
128519
128879
129239
129599
129959
130319
130679
131039
131399
131759
131999
132359
132719
133079
133439
133799
134159
134519
134879
135239
135599
135959
136319
136679
137039
137399
137759
138119
138479
138839
139199
139559
139919
140279
140639
140999
141359
141719
142079
142439
142799
143159
143519
143879
144239
144599
144959
145319
145679
146039
146399
146759
147119
147479
147839
148199
148559
148919
149279
149639
149999
150359
150719
151079
151439
151799
152159
152519
152879
153239
153599
153959
154319
154679
155039
155399
155759
156119
156479
156839
157199
157559
157919
158279
158639
158999
159359
159719
160079
160439
160799
161159
161519
161879
162239
162599
162959
163319
163679
164039
164399
164759
164999
165359
165719
166079
166439
166799
167159
167519
167879
168239
168599
168959
169319
169679
170039
170399
170759
171119
171479
171839
172199
172559
172919
173279
173639
173999
174359
174719
175079
175439
175799
176159
176519
176879
177239
177599
177959
178319
178679
179039
179399
179759
180119
180479
180839
181199
181559
181919
182279
182639
182999
183359
183719
184079
184439
184799
185159
185519
185879
186239
186599
186959
187319
187679
188039
188399
188759
189119
189479
189839
190199
190559
190919
191279
191639
191999
192359
192719
193079
193439
193799
194159
194519
194879
195239
195599
195959
196319
196679
197039
197399
197759
197999
198359
198719
199079
199439
199799
200159
200519
200879
201239
201599
201959
202319
202679
203039
203399
203759
204119
204479
204839
205199
205559
205919
206279
206639
206999
207359
207719
208079
208439
208799
209159
209519
209879
210239
210599
210959
211319
211679
212039
212399
212759
213119
213479
213839
214199
214559
214919
215279
215639
215999
216359
216719
217079
217439
217799
218159
218519
218879
219239
219599
219959
220319
220679
221039
221399
221759
222119
222479
222839
223199
223559
223919
224279
224639
224999
225359
225719
226079
226439
226799
227159
227519
227879
228239
228599
228959
229319
229679
230039
230399
230759
230999
231359
231719
232079
232439
232799
233159
233519
233879
234239
234599
234959
235319
235679
236039
236399
236759
237119
237479
237839
238199
238559
238919
239279
239639
239999
240359
240719
241079
241439
241799
242159
242519
242879
243239
243599
243959
244319
244679
245039
245399
245759
246119
246479
246839
247199
247559
247919
248279
248639
248999
249359
249719
250079
250439
250799
251159
251519
251879
252239
252599
252959
253319
253679
254039
254399
254759
255119
255479
255839
256199
256559
256919
257279
257639
257999
258359
258719
259079
259439
259799
260159
260519
260879
261239
261599
261959
262319
262679
263039
263399
263759
263999
264359
264719
265079
265439
265799
266159
266519
266879
267239
267599
267959
268319
268679
269039
269399
269759
270119
270479
270839
271199
271559
271919
272279
272639
272999
273359
273719
274079
274439
274799
275159
275519
275879
276239
276599
276959
277319
277679
278039
278399
278759
279119
279479
279839
280199
280559
280919
281279
281639
281999
282359
282719
283079
283439
283799
284159
284519
284879
285239
285599
285959
286319
286679
287039
287399
287759
288119
288479
288839
289199
289559
289919
290279
290639
290999
291359
291719
292079
292439
292799
293159
293519
293879
294239
294599
294959
295319
295679
296039
296399
296759
296999
297359
297719
298079
298439
298799
299159
299519
299879
300239
300599
300959
301319
301679
302039
302399
302759
303119
303479
303839
304199
304559
304919
305279
305639
305999
306359
306719
307079
307439
307799
308159
308519
308879
309239
309599
309959
310319
310679
311039
311399
311759
312119
312479
312839
313199
313559
313919
314279
314639
314999
315359
315719
316079
316439
316799
317159
317519
317879
318239
318599
318959
319319
319679
320039
320399
320759
321119
321479
321839
322199
322559
322919
323279
323639
323999
324359
324719
325079
325439
325799
326159
326519
326879
327239
327599
327959
328319
328679
329039
329399
329759
329999
330359
330719
331079
331439
331799
332159
332519
332879
333239
333599
333959
334319
334679
335039
335399
335759
336119
336479
336839
337199
337559
337919
338279
338639
338999
339359
339719
340079
340439
340799
341159
341519
341879
342239
342599
342959
343319
343679
344039
344399
344759
345119
345479
345839
346199
346559
346919
347279
347639
347999
348359
348719
349079
349439
349799
350159
350519
350879
351239
351599
351959
352319
352679
353039
353399
353759
354119
354479
354839
355199
355559
355919
356279
356639
356999
357359
357719
358079
358439
358799
359159
359519
359879
360239
360599
360959
361319
361679
362039
362399
362759
362999
363359
363719
364079
364439
364799
365159
365519
365879
366239
366599
366959
367319
367679
368039
368399
368759
369119
369479
369839
370199
370559
370919
371279
371639
371999
372359
372719
373079
373439
373799
374159
374519
374879
375239
375599
375959
376319
376679
377039
377399
377759
378119
378479
378839
379199
379559
379919
380279
380639
380999
381359
381719
382079
382439
382799
383159
383519
383879
384239
384599
384959
385319
385679
386039
386399
386759
387119
387479
387839
388199
388559
388919
389279
389639
389999
390359
390719
391079
391439
391799
392159
392519
392879
393239
393599
393959
394319
394679
395039
395399
395759
395999
396359
396719
397079
397439
397799
398159
398519
398879
399239
399599
399959
400319
400679
401039
401399
401759
402119
402479
402839
403199
403559
403919
404279
404639
404999
405359
405719
406079
406439
406799
407159
407519
407879
408239
408599
408959
409319
409679
410039
410399
410759
411119
411479
411839
412199
412559
412919
413279
413639
413999
414359
414719
415079
415439
415799
416159
416519
416879
417239
417599
417959
418319
418679
419039
419399
419759
420119
420479
420839
421199
421559
421919
422279
422639
422999
423359
423719
424079
424439
424799
425159
425519
425879
426239
426599
426959
427319
427679
428039
428399
428759
428999
429359
429719
430079
430439
430799
431159
431519
431879
432239
432599
432959
433319
433679
434039
434399
434759
435119
435479
435839
436199
436559
436919
437279
437639
437999
438359
438719
439079
439439
439799
440159
440519
440879
441239
441599
441959
442319
442679
443039
443399
443759
444119
444479
444839
445199
445559
445919
446279
446639
446999
447359
447719
448079
448439
448799
449159
449519
449879
450239
450599
450959
451319
451679
452039
452399
452759
453119
453479
453839
454199
454559
454919
455279
455639
455999
456359
456719
457079
457439
457799
458159
458519
458879
459239
459599
459959
460319
460679
461039
461399
461759
461999
462359
462719
463079
463439
463799
464159
464519
464879
465239
465599
465959
466319
466679
467039
467399
467759
468119
468479
468839
469199
469559
469919
470279
470639
470999
471359
471719
472079
472439
472799
473159
473519
473879
474239
474599
474959
475319
475679
476039
476399
476759
477119
477479
477839
478199
478559
478919
479279
479639
479999
480359
480719
481079
481439
481799
482159
482519
482879
483239
483599
483959
484319
484679
485039
485399
485759
486119
486479
486839
487199
487559
487919
488279
488639
488999
489359
489719
490079
490439
490799
491159
491519
491879
492239
492599
492959
493319
493679
494039
494399
494759
494999
495359
495719
496079
496439
496799
497159
497519
497879
498239
498599
498959
499319
499679
500039
500399
500759
501119
501479
501839
502199
502559
502919
503279
503639
503999
504359
504719
505079
505439
505799
506159
506519
506879
507239
507599
507959
508319
508679
509039
509399
509759
510119
510479
510839
511199
511559
511919
512279
512639
512999
513359
513719
514079
514439
514799
515159
515519
515879
516239
516599
516959
517319
517679
518039
518399
518759
519119
519479
519839
520199
520559
520919
521279
521639
521999
522359
522719
523079
523439
523799
524159
524519
524879
525239
525599
525959
526319
526679
527039
527399
527759
527999
528359
528719
529079
529439
529799
530159
530519
530879
531239
531599
531959
532319
532679
533039
533399
533759
534119
534479
534839
535199
535559
535919
536279
536639
536999
537359
537719
538079
538439
538799
539159
539519
539879
540239
540599
540959
541319
541679
542039
542399
542759
543119
543479
543839
544199
544559
544919
545279
545639
545999
546359
546719
547079
547439
547799
548159
548519
548879
549239
549599
549959
550319
550679
551039
551399
551759
552119
552479
552839
553199
553559
553919
554279
554639
554999
555359
555719
556079
556439
556799
557159
557519
557879
558239
558599
558959
559319
559679
560039
560399
560759
560999
561359
561719
562079
562439
562799
563159
563519
563879
564239
564599
564959
565319
565679
566039
566399
566759
567119
567479
567839
568199
568559
568919
569279
569639
569999
570359
570719
571079
571439
571799
572159
572519
572879
573239
573599
573959
574319
574679
575039
575399
575759
576119
576479
576839
577199
577559
577919
578279
578639
578999
579359
579719
580079
580439
580799
581159
581519
581879
582239
582599
582959
583319
583679
584039
584399
584759
585119
585479
585839
586199
586559
586919
587279
587639
587999
588359
588719
589079
589439
589799
590159
590519
590879
591239
591599
591959
592319
592679
593039
593399
593759
593999
594359
594719
595079
595439
595799
596159
596519
596879
597239
597599
597959
598319
598679
599039
599399
599759
600119
600479
600839
601199
601559
601919
602279
602639
602999
603359
603719
604079
604439
604799
605159
605519
605879
606239
606599
606959
607319
607679
608039
608399
608759
609119
609479
609839
610199
610559
610919
611279
611639
611999
612359
612719
613079
613439
613799
614159
614519
614879
615239
615599
615959
616319
616679
617039
617399
617759
618119
618479
618839
619199
619559
619919
620279
620639
620999
621359
621719
622079
622439
622799
623159
623519
623879
624239
624599
624959
625319
625679
626039
626399
626759
626999
627359
627719
628079
628439
628799
629159
629519
629879
630239
630599
630959
631319
631679
632039
632399
632759
633119
633479
633839
634199
634559
634919
635279
635639
635999
636359
636719
637079
637439
637799
638159
638519
638879
639239
639599
639959
640319
640679
641039
641399
641759
642119
642479
642839
643199
643559
643919
644279
644639
644999
645359
645719
646079
646439
646799
647159
647519
647879
648239
648599
648959
649319
649679
650039
650399
650759
651119
651479
651839
652199
652559
652919
653279
653639
653999
654359
654719
655079
655439
655799
656159
656519
656879
657239
657599
657959
658319
658679
659039
659399
659759
659999
660359
660719
661079
661439
661799
662159
662519
662879
663239
663599
663959
664319
664679
665039
665399
665759
666119
666479
666839
667199
667559
667919
668279
668639
668999
669359
669719
670079
670439
670799
671159
671519
671879
672239
672599
672959
673319
673679
674039
674399
674759
675119
675479
675839
676199
676559
676919
677279
677639
677999
678359
678719
679079
679439
679799
680159
680519
680879
681239
681599
681959
682319
682679
683039
683399
683759
684119
684479
684839
685199
685559
685919
686279
686639
686999
687359
687719
688079
688439
688799
689159
689519
689879
690239
690599
690959
691319
691679
692039
692399
692759
692999
693359
693719
694079
694439
694799
695159
695519
695879
696239
696599
696959
697319
697679
698039
698399
698759
699119
699479
699839
700199
700559
700919
701279
701639
701999
702359
702719
703079
703439
703799
704159
704519
704879
705239
705599
705959
706319
706679
707039
707399
707759
708119
708479
708839
709199
709559
709919
710279
710639
710999
711359
711719
712079
712439
712799
713159
713519
713879
714239
714599
714959
715319
715679
716039
716399
716759
717119
717479
717839
718199
718559
718919
719279
719639
719999
720359
720719
721079
721439
721799
722159
722519
722879
723239
723599
723959
724319
724679
725039
725399
725759
725999
726359
726719
727079
727439
727799
728159
728519
728879
729239
729599
729959
730319
730679
731039
731399
731759
732119
732479
732839
733199
733559
733919
734279
734639
734999
735359
735719
736079
736439
736799
737159
737519
737879
738239
738599
738959
739319
739679
740039
740399
740759
741119
741479
741839
742199
742559
742919
743279
743639
743999
744359
744719
745079
745439
745799
746159
746519
746879
747239
747599
747959
748319
748679
749039
749399
749759
750119
750479
750839
751199
751559
751919
752279
752639
752999
753359
753719
754079
754439
754799
755159
755519
755879
756239
756599
756959
757319
757679
758039
758399
758759
758999
759359
759719
760079
760439
760799
761159
761519
761879
762239
762599
762959
763319
763679
764039
764399
764759
765119
765479
765839
766199
766559
766919
767279
767639
767999
768359
768719
769079
769439
769799
770159
770519
770879
771239
771599
771959
772319
772679
773039
773399
773759
774119
774479
774839
775199
775559
775919
776279
776639
776999
777359
777719
778079
778439
778799
779159
779519
779879
780239
780599
780959
781319
781679
782039
782399
782759
783119
783479
783839
784199
784559
784919
785279
785639
785999
786359
786719
787079
787439
787799
788159
788519
788879
789239
789599
789959
790319
790679
791039
791399
791759
791999
792359
792719
793079
793439
793799
794159
794519
794879
795239
795599
795959
796319
796679
797039
797399
797759
798119
798479
798839
799199
799559
799919
800279
800639
800999
801359
801719
802079
802439
802799
803159
803519
803879
804239
804599
804959
805319
805679
806039
806399
806759
807119
807479
807839
808199
808559
808919
809279
809639
809999
810359
810719
811079
811439
811799
812159
812519
812879
813239
813599
813959
814319
814679
815039
815399
815759
816119
816479
816839
817199
817559
817919
818279
818639
818999
819359
819719
820079
820439
820799
821159
821519
821879
822239
822599
822959
823319
823679
824039
824399
824759
824999
825359
825719
826079
826439
826799
827159
827519
827879
828239
828599
828959
829319
829679
830039
830399
830759
831119
831479
831839
832199
832559
832919
833279
833639
833999
834359
834719
835079
835439
835799
836159
836519
836879
837239
837599
837959
838319
838679
839039
839399
839759
840119
840479
840839
841199
841559
841919
842279
842639
842999
843359
843719
844079
844439
844799
845159
845519
845879
846239
846599
846959
847319
847679
848039
848399
848759
849119
849479
849839
850199
850559
850919
851279
851639
851999
852359
852719
853079
853439
853799
854159
854519
854879
855239
855599
855959
856319
856679
857039
857399
857759
857999
858359
858719
859079
859439
859799
860159
860519
860879
861239
861599
861959
862319
862679
863039
863399
863759
864119
864479
864839
865199
865559
865919
866279
866639
866999
867359
867719
868079
868439
868799
869159
869519
869879
870239
870599
870959
871319
871679
872039
872399
872759
873119
873479
873839
874199
874559
874919
875279
875639
875999
876359
876719
877079
877439
877799
878159
878519
878879
879239
879599
879959
880319
880679
881039
881399
881759
882119
882479
882839
883199
883559
883919
884279
884639
884999
885359
885719
886079
886439
886799
887159
887519
887879
888239
888599
888959
889319
889679
890039
890399
890759
890999
891359
891719
892079
892439
892799
893159
893519
893879
894239
894599
894959
895319
895679
896039
896399
896759
897119
897479
897839
898199
898559
898919
899279
899639
899999
900359
900719
901079
901439
901799
902159
902519
902879
903239
903599
903959
904319
904679
905039
905399
905759
906119
906479
906839
907199
907559
907919
908279
908639
908999
909359
909719
910079
910439
910799
911159
911519
911879
912239
912599
912959
913319
913679
914039
914399
914759
915119
915479
915839
916199
916559
916919
917279
917639
917999
918359
918719
919079
919439
919799
920159
920519
920879
921239
921599
921959
922319
922679
923039
923399
923759
923999
924359
924719
925079
925439
925799
926159
926519
926879
927239
927599
927959
928319
928679
929039
929399
929759
930119
930479
930839
931199
931559
931919
932279
932639
932999
933359
933719
934079
934439
934799
935159
935519
935879
936239
936599
936959
937319
937679
938039
938399
938759
939119
939479
939839
940199
940559
940919
941279
941639
941999
942359
942719
943079
943439
943799
944159
944519
944879
945239
945599
945959
946319
946679
947039
947399
947759
948119
948479
948839
949199
949559
949919
950279
950639
950999
951359
951719
952079
952439
952799
953159
953519
953879
954239
954599
954959
955319
955679
956039
956399
956759
956999
957359
957719
958079
958439
958799
959159
959519
959879
960239
960599
960959
961319
961679
962039
962399
962759
963119
963479
963839
964199
964559
964919
965279
965639
965999
966359
966719
967079
967439
967799
968159
968519
968879
969239
969599
969959
970319
970679
971039
971399
971759
972119
972479
972839
973199
973559
973919
974279
974639
974999
975359
975719
976079
976439
976799
977159
977519
977879
978239
978599
978959
979319
979679
980039
980399
980759
981119
981479
981839
982199
982559
982919
983279
983639
983999
984359
984719
985079
985439
985799
986159
986519
986879
987239
987599
987959
988319
988679
989039
989399
989759
989999
990359
990719
991079
991439
991799
992159
992519
992879
993239
993599
993959
994319
994679
995039
995399
995759
996119
996479
996839
997199
997559
997919
998279
998639
998999
999359
999719
1000079
1000439
1000799
1001159
1001519
1001879
1002239
1002599
1002959
1003319
1003679
1004039
1004399
1004759
1005119
1005479
1005839
1006199
1006559
1006919
1007279
1007639
1007999
1008359
1008719
1009079
1009439
1009799
1010159
1010519
1010879
1011239
1011599
1011959
1012319
1012679
1013039
1013399
1013759
1014119
1014479
1014839
1015199
1015559
1015919
1016279
1016639
1016999
1017359
1017719
1018079
1018439
1018799
1019159
1019519
1019879
1020239
1020599
1020959
1021319
1021679
1022039
1022399
1022759
1022999
1023359
1023719
1024079
1024439
1024799
1025159
1025519
1025879
1026239
1026599
1026959
1027319
1027679
1028039
1028399
1028759
1029119
1029479
1029839
1030199
1030559
1030919
1031279
1031639
1031999
1032359
1032719
1033079
1033439
1033799
1034159
1034519
1034879
1035239
1035599
1035959
1036319
1036679
1037039
1037399
1037759
1038119
1038479
1038839
1039199
1039559
1039919
1040279
1040639
1040999
1041359
1041719
1042079
1042439
1042799
1043159
1043519
1043879
1044239
1044599
1044959
1045319
1045679
1046039
1046399
1046759
1047119
1047479
1047839
1048199
1048559
1048919
1049279
1049639
1049999
1050359
1050719
1051079
1051439
1051799
1052159
1052519
1052879
1053239
1053599
1053959
1054319
1054679
1055039
1055399
1055759
1055999
1056359
1056719
1057079
1057439
1057799
1058159
1058519
1058879
1059239
1059599
1059959
1060319
1060679
1061039
1061399
1061759
1062119
1062479
1062839
1063199
1063559
1063919
1064279
1064639
1064999
1065359
1065719
1066079
1066439
1066799
1067159
1067519
1067879
1068239
1068599
1068959
1069319
1069679
1070039
1070399
1070759
1071119
1071479
1071839
1072199
1072559
1072919
1073279
1073639
1073999
1074359
1074719
1075079
1075439
1075799
1076159
1076519
1076879
1077239
1077599
1077959
1078319
1078679
1079039
1079399
1079759
1080119
1080479
1080839
1081199
1081559
1081919
1082279
1082639
1082999
1083359
1083719
1084079
1084439
1084799
1085159
1085519
1085879
1086239
1086599
1086959
1087319
1087679
1088039
1088399
1088759
1088999
1089359
1089719
1090079
1090439
1090799
1091159
1091519
1091879
1092239
1092599
1092959
1093319
1093679
1094039
1094399
1094759
1095119
1095479
1095839
1096199
1096559
1096919
1097279
1097639
1097999
1098359
1098719
1099079
1099439
1099799
1100159
1100519
1100879
1101239
1101599
1101959
1102319
1102679
1103039
1103399
1103759
1104119
1104479
1104839
1105199
1105559
1105919
1106279
1106639
1106999
1107359
1107719
1108079
1108439
1108799
1109159
1109519
1109879
1110239
1110599
1110959
1111319
1111679
1112039
1112399
1112759
1113119
1113479
1113839
1114199
1114559
1114919
1115279
1115639
1115999
1116359
1116719
1117079
1117439
1117799
1118159
1118519
1118879
1119239
1119599
1119959
1120319
1120679
1121039
1121399
1121759
1121999
1122359
1122719
1123079
1123439
1123799
1124159
1124519
1124879
1125239
1125599
1125959
1126319
1126679
1127039
1127399
1127759
1128119
1128479
1128839
1129199
1129559
1129919
1130279
1130639
1130999
1131359
1131719
1132079
1132439
1132799
1133159
1133519
1133879
1134239
1134599
1134959
1135319
1135679
1136039
1136399
1136759
1137119
1137479
1137839
1138199
1138559
1138919
1139279
1139639
1139999
1140359
1140719
1141079
1141439
1141799
1142159
1142519
1142879
1143239
1143599
1143959
1144319
1144679
1145039
1145399
1145759
1146119
1146479
1146839
1147199
1147559
1147919
1148279
1148639
1148999
1149359
1149719
1150079
1150439
1150799
1151159
1151519
1151879
1152239
1152599
1152959
1153319
1153679
1154039
1154399
1154759
1154999
1155359
1155719
1156079
1156439
1156799
1157159
1157519
1157879
1158239
1158599
1158959
1159319
1159679
1160039
1160399
1160759
1161119
1161479
1161839
1162199
1162559
1162919
1163279
1163639
1163999
1164359
1164719
1165079
1165439
1165799
1166159
1166519
1166879
1167239
1167599
1167959
1168319
1168679
1169039
1169399
1169759
1170119
1170479
1170839
1171199
1171559
1171919
1172279
1172639
1172999
1173359
1173719
1174079
1174439
1174799
1175159
1175519
1175879
1176239
1176599
1176959
1177319
1177679
1178039
1178399
1178759
1179119
1179479
1179839
1180199
1180559
1180919
1181279
1181639
1181999
1182359
1182719
1183079
1183439
1183799
1184159
1184519
1184879
1185239
1185599
1185959
1186319
1186679
1187039
1187399
1187759
1187999
1188359
1188719
1189079
1189439
1189799
1190159
1190519
1190879
1191239
1191599
1191959
1192319
1192679
1193039
1193399
1193759
1194119
1194479
1194839
1195199
1195559
1195919
1196279
1196639
1196999
1197359
1197719
1198079
1198439
1198799
1199159
1199519
1199879
1200239
1200599
1200959
1201319
1201679
1202039
1202399
1202759
1203119
1203479
1203839
1204199
1204559
1204919
1205279
1205639
1205999
1206359
1206719
1207079
1207439
1207799
1208159
1208519
1208879
1209239
1209599
1209959
1210319
1210679
1211039
1211399
1211759
1212119
1212479
1212839
1213199
1213559
1213919
1214279
1214639
1214999
1215359
1215719
1216079
1216439
1216799
1217159
1217519
1217879
1218239
1218599
1218959
1219319
1219679
1220039
1220399
1220759
1220999
1221359
1221719
1222079
1222439
1222799
1223159
1223519
1223879
1224239
1224599
1224959
1225319
1225679
1226039
1226399
1226759
1227119
1227479
1227839
1228199
1228559
1228919
1229279
1229639
1229999
1230359
1230719
1231079
1231439
1231799
1232159
1232519
1232879
1233239
1233599
1233959
1234319
1234679
1235039
1235399
1235759
1236119
1236479
1236839
1237199
1237559
1237919
1238279
1238639
1238999
1239359
1239719
1240079
1240439
1240799
1241159
1241519
1241879
1242239
1242599
1242959
1243319
1243679
1244039
1244399
1244759
1245119
1245479
1245839
1246199
1246559
1246919
1247279
1247639
1247999
1248359
1248719
1249079
1249439
1249799
1250159
1250519
1250879
1251239
1251599
1251959
1252319
1252679
1253039
1253399
1253759
1253999
1254359
1254719
1255079
1255439
1255799
1256159
1256519
1256879
1257239
1257599
1257959
1258319
1258679
1259039
1259399
1259759
1260119
1260479
1260839
1261199
1261559
1261919
1262279
1262639
1262999
1263359
1263719
1264079
1264439
1264799
1265159
1265519
1265879
1266239
1266599
1266959
1267319
1267679
1268039
1268399
1268759
1269119
1269479
1269839
1270199
1270559
1270919
1271279
1271639
1271999
1272359
1272719
1273079
1273439
1273799
1274159
1274519
1274879
1275239
1275599
1275959
1276319
1276679
1277039
1277399
1277759
1278119
1278479
1278839
1279199
1279559
1279919
1280279
1280639
1280999
1281359
1281719
1282079
1282439
1282799
1283159
1283519
1283879
1284239
1284599
1284959
1285319
1285679
1286039
1286399
1286759
1286999
1287359
1287719
1288079
1288439
1288799
1289159
1289519
1289879
1290239
1290599
1290959
1291319
1291679
1292039
1292399
1292759
1293119
1293479
1293839
1294199
1294559
1294919
1295279
1295639
1295999
1296359
1296719
1297079
1297439
1297799
1298159
1298519
1298879
1299239
1299599
1299959
1300319
1300679
1301039
1301399
1301759
1302119
1302479
1302839
1303199
1303559
1303919
1304279
1304639
1304999
1305359
1305719
1306079
1306439
1306799
1307159
1307519
1307879
1308239
1308599
1308959
1309319
1309679
1310039
1310399
1310759
1311119
1311479
1311839
1312199
1312559
1312919
1313279
1313639
1313999
1314359
1314719
1315079
1315439
1315799
1316159
1316519
1316879
1317239
1317599
1317959
1318319
1318679
1319039
1319399
1319759
1319999
1320359
1320719
1321079
1321439
1321799
1322159
1322519
1322879
1323239
1323599
1323959
1324319
1324679
1325039
1325399
1325759
1326119
1326479
1326839
1327199
1327559
1327919
1328279
1328639
1328999
1329359
1329719
1330079
1330439
1330799
1331159
1331519
1331879
1332239
1332599
1332959
1333319
1333679
1334039
1334399
1334759
1335119
1335479
1335839
1336199
1336559
1336919
1337279
1337639
1337999
1338359
1338719
1339079
1339439
1339799
1340159
1340519
1340879
1341239
1341599
1341959
1342319
1342679
1343039
1343399
1343759
1344119
1344479
1344839
1345199
1345559
1345919
1346279
1346639
1346999
1347359
1347719
1348079
1348439
1348799
1349159
1349519
1349879
1350239
1350599
1350959
1351319
1351679
1352039
1352399
1352759
1352999
1353359
1353719
1354079
1354439
1354799
1355159
1355519
1355879
1356239
1356599
1356959
1357319
1357679
1358039
1358399
1358759
1359119
1359479
1359839
1360199
1360559
1360919
1361279
1361639
1361999
1362359
1362719
1363079
1363439
1363799
1364159
1364519
1364879
1365239
1365599
1365959
1366319
1366679
1367039
1367399
1367759
1368119
1368479
1368839
1369199
1369559
1369919
1370279
1370639
1370999
1371359
1371719
1372079
1372439
1372799
1373159
1373519
1373879
1374239
1374599
1374959
1375319
1375679
1376039
1376399
1376759
1377119
1377479
1377839
1378199
1378559
1378919
1379279
1379639
1379999
1380359
1380719
1381079
1381439
1381799
1382159
1382519
1382879
1383239
1383599
1383959
1384319
1384679
1385039
1385399
1385759
1385999
1386359
1386719
1387079
1387439
1387799
1388159
1388519
1388879
1389239
1389599
1389959
1390319
1390679
1391039
1391399
1391759
1392119
1392479
1392839
1393199
1393559
1393919
1394279
1394639
1394999
1395359
1395719
1396079
1396439
1396799
1397159
1397519
1397879
1398239
1398599
1398959
1399319
1399679
1400039
1400399
1400759
1401119
1401479
1401839
1402199
1402559
1402919
1403279
1403639
1403999
1404359
1404719
1405079
1405439
1405799
1406159
1406519
1406879
1407239
1407599
1407959
1408319
1408679
1409039
1409399
1409759
1410119
1410479
1410839
1411199
1411559
1411919
1412279
1412639
1412999
1413359
1413719
1414079
1414439
1414799
1415159
1415519
1415879
1416239
1416599
1416959
1417319
1417679
1418039
1418399
1418759
1418999
1419359
1419719
1420079
1420439
1420799
1421159
1421519
1421879
1422239
1422599
1422959
1423319
1423679
1424039
1424399
1424759
1425119
1425479
1425839
1426199
1426559
1426919
1427279
1427639
1427999
1428359
1428719
1429079
1429439
1429799
1430159
1430519
1430879
1431239
1431599
1431959
1432319
1432679
1433039
1433399
1433759
1434119
1434479
1434839
1435199
1435559
1435919
1436279
1436639
1436999
1437359
1437719
1438079
1438439
1438799
1439159
1439519
1439879
1440239
1440599
1440959
1441319
1441679
1442039
1442399
1442759
1443119
1443479
1443839
1444199
1444559
1444919
1445279
1445639
1445999
1446359
1446719
1447079
1447439
1447799
1448159
1448519
1448879
1449239
1449599
1449959
1450319
1450679
1451039
1451399
1451759
1451999
1452359
1452719
1453079
1453439
1453799
1454159
1454519
1454879
1455239
1455599
1455959
1456319
1456679
1457039
1457399
1457759
1458119
1458479
1458839
1459199
1459559
1459919
1460279
1460639
1460999
1461359
1461719
1462079
1462439
1462799
1463159
1463519
1463879
1464239
1464599
1464959
1465319
1465679
1466039
1466399
1466759
1467119
1467479
1467839
1468199
1468559
1468919
1469279
1469639
1469999
1470359
1470719
1471079
1471439
1471799
1472159
1472519
1472879
1473239
1473599
1473959
1474319
1474679
1475039
1475399
1475759
1476119
1476479
1476839
1477199
1477559
1477919
1478279
1478639
1478999
1479359
1479719
1480079
1480439
1480799
1481159
1481519
1481879
1482239
1482599
1482959
1483319
1483679
1484039
1484399
1484759
1484999
1485359
1485719
1486079
1486439
1486799
1487159
1487519
1487879
1488239
1488599
1488959
1489319
1489679
1490039
1490399
1490759
1491119
1491479
1491839
1492199
1492559
1492919
1493279
1493639
1493999
1494359
1494719
1495079
1495439
1495799
1496159
1496519
1496879
1497239
1497599
1497959
1498319
1498679
1499039
1499399
1499759
1500119
1500479
1500839
1501199
1501559
1501919
1502279
1502639
1502999
1503359
1503719
1504079
1504439
1504799
1505159
1505519
1505879
1506239
1506599
1506959
1507319
1507679
1508039
1508399
1508759
1509119
1509479
1509839
1510199
1510559
1510919
1511279
1511639
1511999
1512359
1512719
1513079
1513439
1513799
1514159
1514519
1514879
1515239
1515599
1515959
1516319
1516679
1517039
1517399
1517759
1517999
1518359
1518719
1519079
1519439
1519799
1520159
1520519
1520879
1521239
1521599
1521959
1522319
1522679
1523039
1523399
1523759
1524119
1524479
1524839
1525199
1525559
1525919
1526279
1526639
1526999
1527359
1527719
1528079
1528439
1528799
1529159
1529519
1529879
1530239
1530599
1530959
1531319
1531679
1532039
1532399
1532759
1533119
1533479
1533839
1534199
1534559
1534919
1535279
1535639
1535999
1536359
1536719
1537079
1537439
1537799
1538159
1538519
1538879
1539239
1539599
1539959
1540319
1540679
1541039
1541399
1541759
1542119
1542479
1542839
1543199
1543559
1543919
1544279
1544639
1544999
1545359
1545719
1546079
1546439
1546799
1547159
1547519
1547879
1548239
1548599
1548959
1549319
1549679
1550039
1550399
1550759
1550999
1551359
1551719
1552079
1552439
1552799
1553159
1553519
1553879
1554239
1554599
1554959
1555319
1555679
1556039
1556399
1556759
1557119
1557479
1557839
1558199
1558559
1558919
1559279
1559639
1559999
1560359
1560719
1561079
1561439
1561799
1562159
1562519
1562879
1563239
1563599
1563959
1564319
1564679
1565039
1565399
1565759
1566119
1566479
1566839
1567199
1567559
1567919
1568279
1568639
1568999
1569359
1569719
1570079
1570439
1570799
1571159
1571519
1571879
1572239
1572599
1572959
1573319
1573679
1574039
1574399
1574759
1575119
1575479
1575839
1576199
1576559
1576919
1577279
1577639
1577999
1578359
1578719
1579079
1579439
1579799
1580159
1580519
1580879
1581239
1581599
1581959
1582319
1582679
1583039
1583399
1583759
1583999
1584359
1584719
1585079
1585439
1585799
1586159
1586519
1586879
1587239
1587599
1587959
1588319
1588679
1589039
1589399
1589759
1590119
1590479
1590839
1591199
1591559
1591919
1592279
1592639
1592999
1593359
1593719
1594079
1594439
1594799
1595159
1595519
1595879
1596239
1596599
1596959
1597319
1597679
1598039
1598399
1598759
1599119
1599479
1599839
1600199
1600559
1600919
1601279
1601639
1601999
1602359
1602719
1603079
1603439
1603799
1604159
1604519
1604879
1605239
1605599
1605959
1606319
1606679
1607039
1607399
1607759
1608119
1608479
1608839
1609199
1609559
1609919
1610279
1610639
1610999
1611359
1611719
1612079
1612439
1612799
1613159
1613519
1613879
1614239
1614599
1614959
1615319
1615679
1616039
1616399
1616759
1616999
1617359
1617719
1618079
1618439
1618799
1619159
1619519
1619879
1620239
1620599
1620959
1621319
1621679
1622039
1622399
1622759
1623119
1623479
1623839
1624199
1624559
1624919
1625279
1625639
1625999
1626359
1626719
1627079
1627439
1627799
1628159
1628519
1628879
1629239
1629599
1629959
1630319
1630679
1631039
1631399
1631759
1632119
1632479
1632839
1633199
1633559
1633919
1634279
1634639
1634999
1635359
1635719
1636079
1636439
1636799
1637159
1637519
1637879
1638239
1638599
1638959
1639319
1639679
1640039
1640399
1640759
1641119
1641479
1641839
1642199
1642559
1642919
1643279
1643639
1643999
1644359
1644719
1645079
1645439
1645799
1646159
1646519
1646879
1647239
1647599
1647959
1648319
1648679
1649039
1649399
1649759
1649999
1650359
1650719
1651079
1651439
1651799
1652159
1652519
1652879
1653239
1653599
1653959
1654319
1654679
1655039
1655399
1655759
1656119
1656479
1656839
1657199
1657559
1657919
1658279
1658639
1658999
1659359
1659719
1660079
1660439
1660799
1661159
1661519
1661879
1662239
1662599
1662959
1663319
1663679
1664039
1664399
1664759
1665119
1665479
1665839
1666199
1666559
1666919
1667279
1667639
1667999
1668359
1668719
1669079
1669439
1669799
1670159
1670519
1670879
1671239
1671599
1671959
1672319
1672679
1673039
1673399
1673759
1674119
1674479
1674839
1675199
1675559
1675919
1676279
1676639
1676999
1677359
1677719
1678079
1678439
1678799
1679159
1679519
1679879
1680239
1680599
1680959
1681319
1681679
1682039
1682399
1682759
1682999
1683359
1683719
1684079
1684439
1684799
1685159
1685519
1685879
1686239
1686599
1686959
1687319
1687679
1688039
1688399
1688759
1689119
1689479
1689839
1690199
1690559
1690919
1691279
1691639
1691999
1692359
1692719
1693079
1693439
1693799
1694159
1694519
1694879
1695239
1695599
1695959
1696319
1696679
1697039
1697399
1697759
1698119
1698479
1698839
1699199
1699559
1699919
1700279
1700639
1700999
1701359
1701719
1702079
1702439
1702799
1703159
1703519
1703879
1704239
1704599
1704959
1705319
1705679
1706039
1706399
1706759
1707119
1707479
1707839
1708199
1708559
1708919
1709279
1709639
1709999
1710359
1710719
1711079
1711439
1711799
1712159
1712519
1712879
1713239
1713599
1713959
1714319
1714679
1715039
1715399
1715759
1715999
1716359
1716719
1717079
1717439
1717799
1718159
1718519
1718879
1719239
1719599
1719959
1720319
1720679
1721039
1721399
1721759
1722119
1722479
1722839
1723199
1723559
1723919
1724279
1724639
1724999
1725359
1725719
1726079
1726439
1726799
1727159
1727519
1727879
1728239
1728599
1728959
1729319
1729679
1730039
1730399
1730759
1731119
1731479
1731839
1732199
1732559
1732919
1733279
1733639
1733999
1734359
1734719
1735079
1735439
1735799
1736159
1736519
1736879
1737239
1737599
1737959
1738319
1738679
1739039
1739399
1739759
1740119
1740479
1740839
1741199
1741559
1741919
1742279
1742639
1742999
1743359
1743719
1744079
1744439
1744799
1745159
1745519
1745879
1746239
1746599
1746959
1747319
1747679
1748039
1748399
1748759
1748999
1749359
1749719
1750079
1750439
1750799
1751159
1751519
1751879
1752239
1752599
1752959
1753319
1753679
1754039
1754399
1754759
1755119
1755479
1755839
1756199
1756559
1756919
1757279
1757639
1757999
1758359
1758719
1759079
1759439
1759799
1760159
1760519
1760879
1761239
1761599
1761959
1762319
1762679
1763039
1763399
1763759
1764119
1764479
1764839
1765199
1765559
1765919
1766279
1766639
1766999
1767359
1767719
1768079
1768439
1768799
1769159
1769519
1769879
1770239
1770599
1770959
1771319
1771679
1772039
1772399
1772759
1773119
1773479
1773839
1774199
1774559
1774919
1775279
1775639
1775999
1776359
1776719
1777079
1777439
1777799
1778159
1778519
1778879
1779239
1779599
1779959
1780319
1780679
1781039
1781399
1781759
1781999
1782359
1782719
1783079
1783439
1783799
1784159
1784519
1784879
1785239
1785599
1785959
1786319
1786679
1787039
1787399
1787759
1788119
1788479
1788839
1789199
1789559
1789919
1790279
1790639
1790999
1791359
1791719
1792079
1792439
1792799
1793159
1793519
1793879
1794239
1794599
1794959
1795319
1795679
1796039
1796399
1796759
1797119
1797479
1797839
1798199
1798559
1798919
1799279
1799639
1799999
1800359
1800719
1801079
1801439
1801799
1802159
1802519
1802879
1803239
1803599
1803959
1804319
1804679
1805039
1805399
1805759
1806119
1806479
1806839
1807199
1807559
1807919
1808279
1808639
1808999
1809359
1809719
1810079
1810439
1810799
1811159
1811519
1811879
1812239
1812599
1812959
1813319
1813679
1814039
1814399
1814759
1814999
1815359
1815719
1816079
1816439
1816799
1817159
1817519
1817879
1818239
1818599
1818959
1819319
1819679
1820039
1820399
1820759
1821119
1821479
1821839
1822199
1822559
1822919
1823279
1823639
1823999
1824359
1824719
1825079
1825439
1825799
1826159
1826519
1826879
1827239
1827599
1827959
1828319
1828679
1829039
1829399
1829759
1830119
1830479
1830839
1831199
1831559
1831919
1832279
1832639
1832999
1833359
1833719
1834079
1834439
1834799
1835159
1835519
1835879
1836239
1836599
1836959
1837319
1837679
1838039
1838399
1838759
1839119
1839479
1839839
1840199
1840559
1840919
1841279
1841639
1841999
1842359
1842719
1843079
1843439
1843799
1844159
1844519
1844879
1845239
1845599
1845959
1846319
1846679
1847039
1847399
1847759
1847999
1848359
1848719
1849079
1849439
1849799
1850159
1850519
1850879
1851239
1851599
1851959
1852319
1852679
1853039
1853399
1853759
1854119
1854479
1854839
1855199
1855559
1855919
1856279
1856639
1856999
1857359
1857719
1858079
1858439
1858799
1859159
1859519
1859879
1860239
1860599
1860959
1861319
1861679
1862039
1862399
1862759
1863119
1863479
1863839
1864199
1864559
1864919
1865279
1865639
1865999
1866359
1866719
1867079
1867439
1867799
1868159
1868519
1868879
1869239
1869599
1869959
1870319
1870679
1871039
1871399
1871759
1872119
1872479
1872839
1873199
1873559
1873919
1874279
1874639
1874999
1875359
1875719
1876079
1876439
1876799
1877159
1877519
1877879
1878239
1878599
1878959
1879319
1879679
1880039
1880399
1880759
1880999
1881359
1881719
1882079
1882439
1882799
1883159
1883519
1883879
1884239
1884599
1884959
1885319
1885679
1886039
1886399
1886759
1887119
1887479
1887839
1888199
1888559
1888919
1889279
1889639
1889999
1890359
1890719
1891079
1891439
1891799
1892159
1892519
1892879
1893239
1893599
1893959
1894319
1894679
1895039
1895399
1895759
1896119
1896479
1896839
1897199
1897559
1897919
1898279
1898639
1898999
1899359
1899719
1900079
1900439
1900799
1901159
1901519
1901879
1902239
1902599
1902959
1903319
1903679
1904039
1904399
1904759
1905119
1905479
1905839
1906199
1906559
1906919
1907279
1907639
1907999
1908359
1908719
1909079
1909439
1909799
1910159
1910519
1910879
1911239
1911599
1911959
1912319
1912679
1913039
1913399
1913759
1913999
1914359
1914719
1915079
1915439
1915799
1916159
1916519
1916879
1917239
1917599
1917959
1918319
1918679
1919039
1919399
1919759
1920119
1920479
1920839
1921199
1921559
1921919
1922279
1922639
1922999
1923359
1923719
1924079
1924439
1924799
1925159
1925519
1925879
1926239
1926599
1926959
1927319
1927679
1928039
1928399
1928759
1929119
1929479
1929839
1930199
1930559
1930919
1931279
1931639
1931999
1932359
1932719
1933079
1933439
1933799
1934159
1934519
1934879
1935239
1935599
1935959
1936319
1936679
1937039
1937399
1937759
1938119
1938479
1938839
1939199
1939559
1939919
1940279
1940639
1940999
1941359
1941719
1942079
1942439
1942799
1943159
1943519
1943879
1944239
1944599
1944959
1945319
1945679
1946039
1946399
1946759
1946999
1947359
1947719
1948079
1948439
1948799
1949159
1949519
1949879
1950239
1950599
1950959
1951319
1951679
1952039
1952399
1952759
1953119
1953479
1953839
1954199
1954559
1954919
1955279
1955639
1955999
1956359
1956719
1957079
1957439
1957799
1958159
1958519
1958879
1959239
1959599
1959959
1960319
1960679
1961039
1961399
1961759
1962119
1962479
1962839
1963199
1963559
1963919
1964279
1964639
1964999
1965359
1965719
1966079
1966439
1966799
1967159
1967519
1967879
1968239
1968599
1968959
1969319
1969679
1970039
1970399
1970759
1971119
1971479
1971839
1972199
1972559
1972919
1973279
1973639
1973999
1974359
1974719
1975079
1975439
1975799
1976159
1976519
1976879
1977239
1977599
1977959
1978319
1978679
1979039
1979399
1979759
1979999
1980359
1980719
1981079
1981439
1981799
1982159
1982519
1982879
1983239
1983599
1983959
1984319
1984679
1985039
1985399
1985759
1986119
1986479
1986839
1987199
1987559
1987919
1988279
1988639
1988999
1989359
1989719
1990079
1990439
1990799
1991159
1991519
1991879
1992239
1992599
1992959
1993319
1993679
1994039
1994399
1994759
1995119
1995479
1995839
1996199
1996559
1996919
1997279
1997639
1997999
1998359
1998719
1999079
1999439
1999799
2000159
2000519
2000879
2001239
2001599
2001959
2002319
2002679
2003039
2003399
2003759
2004119
2004479
2004839
2005199
2005559
2005919
2006279
2006639
2006999
2007359
2007719
2008079
2008439
2008799
2009159
2009519
2009879
2010239
2010599
2010959
2011319
2011679
2012039
2012399
2012759
2012999
2013359
2013719
2014079
2014439
2014799
2015159
2015519
2015879
2016239
2016599
2016959
2017319
2017679
2018039
2018399
2018759
2019119
2019479
2019839
2020199
2020559
2020919
2021279
2021639
2021999
2022359
2022719
2023079
2023439
2023799
2024159
2024519
2024879
2025239
2025599
2025959
2026319
2026679
2027039
2027399
2027759
2028119
2028479
2028839
2029199
2029559
2029919
2030279
2030639
2030999
2031359
2031719
2032079
2032439
2032799
2033159
2033519
2033879
2034239
2034599
2034959
2035319
2035679
2036039
2036399
2036759
2037119
2037479
2037839
2038199
2038559
2038919
2039279
2039639
2039999
2040359
2040719
2041079
2041439
2041799
2042159
2042519
2042879
2043239
2043599
2043959
2044319
2044679
2045039
2045399
2045759
2045999
2046359
2046719
2047079
2047439
2047799
2048159
2048519
2048879
2049239
2049599
2049959
2050319
2050679
2051039
2051399
2051759
2052119
2052479
2052839
2053199
2053559
2053919
2054279
2054639
2054999
2055359
2055719
2056079
2056439
2056799
2057159
2057519
2057879
2058239
2058599
2058959
2059319
2059679
2060039
2060399
2060759
2061119
2061479
2061839
2062199
2062559
2062919
2063279
2063639
2063999
2064359
2064719
2065079
2065439
2065799
2066159
2066519
2066879
2067239
2067599
2067959
2068319
2068679
2069039
2069399
2069759
2070119
2070479
2070839
2071199
2071559
2071919
2072279
2072639
2072999
2073359
2073719
2074079
2074439
2074799
2075159
2075519
2075879
2076239
2076599
2076959
2077319
2077679
2078039
2078399
2078759
2078999
2079359
2079719
2080079
2080439
2080799
2081159
2081519
2081879
2082239
2082599
2082959
2083319
2083679
2084039
2084399
2084759
2085119
2085479
2085839
2086199
2086559
2086919
2087279
2087639
2087999
2088359
2088719
2089079
2089439
2089799
2090159
2090519
2090879
2091239
2091599
2091959
2092319
2092679
2093039
2093399
2093759
2094119
2094479
2094839
2095199
2095559
2095919
2096279
2096639
2096999
2097359
2097719
2098079
2098439
2098799
2099159
2099519
2099879
2100239
2100599
2100959
2101319
2101679
2102039
2102399
2102759
2103119
2103479
2103839
2104199
2104559
2104919
2105279
2105639
2105999
2106359
2106719
2107079
2107439
2107799
2108159
2108519
2108879
2109239
2109599
2109959
2110319
2110679
2111039
2111399
2111759
2111999
2112359
2112719
2113079
2113439
2113799
2114159
2114519
2114879
2115239
2115599
2115959
2116319
2116679
2117039
2117399
2117759
2118119
2118479
2118839
2119199
2119559
2119919
2120279
2120639
2120999
2121359
2121719
2122079
2122439
2122799
2123159
2123519
2123879
2124239
2124599
2124959
2125319
2125679
2126039
2126399
2126759
2127119
2127479
2127839
2128199
2128559
2128919
2129279
2129639
2129999
2130359
2130719
2131079
2131439
2131799
2132159
2132519
2132879
2133239
2133599
2133959
2134319
2134679
2135039
2135399
2135759
2136119
2136479
2136839
2137199
2137559
2137919
2138279
2138639
2138999
2139359
2139719
2140079
2140439
2140799
2141159
2141519
2141879
2142239
2142599
2142959
2143319
2143679
2144039
2144399
2144759
2144999
2145359
2145719
2146079
2146439
2146799
2147159
2147519
2147879
2148239
2148599
2148959
2149319
2149679
2150039
2150399
2150759
2151119
2151479
2151839
2152199
2152559
2152919
2153279
2153639
2153999
2154359
2154719
2155079
2155439
2155799
2156159
2156519
2156879
2157239
2157599
2157959
2158319
2158679
2159039
2159399
2159759
2160119
2160479
2160839
2161199
2161559
2161919
2162279
2162639
2162999
2163359
2163719
2164079
2164439
2164799
2165159
2165519
2165879
2166239
2166599
2166959
2167319
2167679
2168039
2168399
2168759
2169119
2169479
2169839
2170199
2170559
2170919
2171279
2171639
2171999
2172359
2172719
2173079
2173439
2173799
2174159
2174519
2174879
2175239
2175599
2175959
2176319
2176679
2177039
2177399
2177759
2177999
2178359
2178719
2179079
2179439
2179799
2180159
2180519
2180879
2181239
2181599
2181959
2182319
2182679
2183039
2183399
2183759
2184119
2184479
2184839
2185199
2185559
2185919
2186279
2186639
2186999
2187359
2187719
2188079
2188439
2188799
2189159
2189519
2189879
2190239
2190599
2190959
2191319
2191679
2192039
2192399
2192759
2193119
2193479
2193839
2194199
2194559
2194919
2195279
2195639
2195999
2196359
2196719
2197079
2197439
2197799
2198159
2198519
2198879
2199239
2199599
2199959
2200319
2200679
2201039
2201399
2201759
2202119
2202479
2202839
2203199
2203559
2203919
2204279
2204639
2204999
2205359
2205719
2206079
2206439
2206799
2207159
2207519
2207879
2208239
2208599
2208959
2209319
2209679
2210039
2210399
2210759
2210999
2211359
2211719
2212079
2212439
2212799
2213159
2213519
2213879
2214239
2214599
2214959
2215319
2215679
2216039
2216399
2216759
2217119
2217479
2217839
2218199
2218559
2218919
2219279
2219639
2219999
2220359
2220719
2221079
2221439
2221799
2222159
2222519
2222879
2223239
2223599
2223959
2224319
2224679
2225039
2225399
2225759
2226119
2226479
2226839
2227199
2227559
2227919
2228279
2228639
2228999
2229359
2229719
2230079
2230439
2230799
2231159
2231519
2231879
2232239
2232599
2232959
2233319
2233679
2234039
2234399
2234759
2235119
2235479
2235839
2236199
2236559
2236919
2237279
2237639
2237999
2238359
2238719
2239079
2239439
2239799
2240159
2240519
2240879
2241239
2241599
2241959
2242319
2242679
2243039
2243399
2243759
2243999
2244359
2244719
2245079
2245439
2245799
2246159
2246519
2246879
2247239
2247599
2247959
2248319
2248679
2249039
2249399
2249759
2250119
2250479
2250839
2251199
2251559
2251919
2252279
2252639
2252999
2253359
2253719
2254079
2254439
2254799
2255159
2255519
2255879
2256239
2256599
2256959
2257319
2257679
2258039
2258399
2258759
2259119
2259479
2259839
2260199
2260559
2260919
2261279
2261639
2261999
2262359
2262719
2263079
2263439
2263799
2264159
2264519
2264879
2265239
2265599
2265959
2266319
2266679
2267039
2267399
2267759
2268119
2268479
2268839
2269199
2269559
2269919
2270279
2270639
2270999
2271359
2271719
2272079
2272439
2272799
2273159
2273519
2273879
2274239
2274599
2274959
2275319
2275679
2276039
2276399
2276759
2276999
2277359
2277719
2278079
2278439
2278799
2279159
2279519
2279879
2280239
2280599
2280959
2281319
2281679
2282039
2282399
2282759
2283119
2283479
2283839
2284199
2284559
2284919
2285279
2285639
2285999
2286359
2286719
2287079
2287439
2287799
2288159
2288519
2288879
2289239
2289599
2289959
2290319
2290679
2291039
2291399
2291759
2292119
2292479
2292839
2293199
2293559
2293919
2294279
2294639
2294999
2295359
2295719
2296079
2296439
2296799
2297159
2297519
2297879
2298239
2298599
2298959
2299319
2299679
2300039
2300399
2300759
2301119
2301479
2301839
2302199
2302559
2302919
2303279
2303639
2303999
2304359
2304719
2305079
2305439
2305799
2306159
2306519
2306879
2307239
2307599
2307959
2308319
2308679
2309039
2309399
2309759
2309999
2310359
2310719
2311079
2311439
2311799
2312159
2312519
2312879
2313239
2313599
2313959
2314319
2314679
2315039
2315399
2315759
2316119
2316479
2316839
2317199
2317559
2317919
2318279
2318639
2318999
2319359
2319719
2320079
2320439
2320799
2321159
2321519
2321879
2322239
2322599
2322959
2323319
2323679
2324039
2324399
2324759
2325119
2325479
2325839
2326199
2326559
2326919
2327279
2327639
2327999
2328359
2328719
2329079
2329439
2329799
2330159
2330519
2330879
2331239
2331599
2331959
2332319
2332679
2333039
2333399
2333759
2334119
2334479
2334839
2335199
2335559
2335919
2336279
2336639
2336999
2337359
2337719
2338079
2338439
2338799
2339159
2339519
2339879
2340239
2340599
2340959
2341319
2341679
2342039
2342399
2342759
2342999
2343359
2343719
2344079
2344439
2344799
2345159
2345519
2345879
2346239
2346599
2346959
2347319
2347679
2348039
2348399
2348759
2349119
2349479
2349839
2350199
2350559
2350919
2351279
2351639
2351999
2352359
2352719
2353079
2353439
2353799
2354159
2354519
2354879
2355239
2355599
2355959
2356319
2356679
2357039
2357399
2357759
2358119
2358479
2358839
2359199
2359559
2359919
2360279
2360639
2360999
2361359
2361719
2362079
2362439
2362799
2363159
2363519
2363879
2364239
2364599
2364959
2365319
2365679
2366039
2366399
2366759
2367119
2367479
2367839
2368199
2368559
2368919
2369279
2369639
2369999
2370359
2370719
2371079
2371439
2371799
2372159
2372519
2372879
2373239
2373599
2373959
2374319
2374679
2375039
2375399
2375759
2375999
2376359
2376719
2377079
2377439
2377799
2378159
2378519
2378879
2379239
2379599
2379959
2380319
2380679
2381039
2381399
2381759
2382119
2382479
2382839
2383199
2383559
2383919
2384279
2384639
2384999
2385359
2385719
2386079
2386439
2386799
2387159
2387519
2387879
2388239
2388599
2388959
2389319
2389679
2390039
2390399
2390759
2391119
2391479
2391839
2392199
2392559
2392919
2393279
2393639
2393999
2394359
2394719
2395079
2395439
2395799
2396159
2396519
2396879
2397239
2397599
2397959
2398319
2398679
2399039
2399399
2399759
2400119
2400479
2400839
2401199
2401559
2401919
2402279
2402639
2402999
2403359
2403719
2404079
2404439
2404799
2405159
2405519
2405879
2406239
2406599
2406959
2407319
2407679
2408039
2408399
2408759
2408999
2409359
2409719
2410079
2410439
2410799
2411159
2411519
2411879
2412239
2412599
2412959
2413319
2413679
2414039
2414399
2414759
2415119
2415479
2415839
2416199
2416559
2416919
2417279
2417639
2417999
2418359
2418719
2419079
2419439
2419799
2420159
2420519
2420879
2421239
2421599
2421959
2422319
2422679
2423039
2423399
2423759
2424119
2424479
2424839
2425199
2425559
2425919
2426279
2426639
2426999
2427359
2427719
2428079
2428439
2428799
2429159
2429519
2429879
2430239
2430599
2430959
2431319
2431679
2432039
2432399
2432759
2433119
2433479
2433839
2434199
2434559
2434919
2435279
2435639
2435999
2436359
2436719
2437079
2437439
2437799
2438159
2438519
2438879
2439239
2439599
2439959
2440319
2440679
2441039
2441399
2441759
2441999
2442359
2442719
2443079
2443439
2443799
2444159
2444519
2444879
2445239
2445599
2445959
2446319
2446679
2447039
2447399
2447759
2448119
2448479
2448839
2449199
2449559
2449919
2450279
2450639
2450999
2451359
2451719
2452079
2452439
2452799
2453159
2453519
2453879
2454239
2454599
2454959
2455319
2455679
2456039
2456399
2456759
2457119
2457479
2457839
2458199
2458559
2458919
2459279
2459639
2459999
2460359
2460719
2461079
2461439
2461799
2462159
2462519
2462879
2463239
2463599
2463959
2464319
2464679
2465039
2465399
2465759
2466119
2466479
2466839
2467199
2467559
2467919
2468279
2468639
2468999
2469359
2469719
2470079
2470439
2470799
2471159
2471519
2471879
2472239
2472599
2472959
2473319
2473679
2474039
2474399
2474759
2474999
2475359
2475719
2476079
2476439
2476799
2477159
2477519
2477879
2478239
2478599
2478959
2479319
2479679
2480039
2480399
2480759
2481119
2481479
2481839
2482199
2482559
2482919
2483279
2483639
2483999
2484359
2484719
2485079
2485439
2485799
2486159
2486519
2486879
2487239
2487599
2487959
2488319
2488679
2489039
2489399
2489759
2490119
2490479
2490839
2491199
2491559
2491919
2492279
2492639
2492999
2493359
2493719
2494079
2494439
2494799
2495159
2495519
2495879
2496239
2496599
2496959
2497319
2497679
2498039
2498399
2498759
2499119
2499479
2499839
2500199
2500559
2500919
2501279
2501639
2501999
2502359
2502719
2503079
2503439
2503799
2504159
2504519
2504879
2505239
2505599
2505959
2506319
2506679
2507039
2507399
2507759
2507999
2508359
2508719
2509079
2509439
2509799
2510159
2510519
2510879
2511239
2511599
2511959
2512319
2512679
2513039
2513399
2513759
2514119
2514479
2514839
2515199
2515559
2515919
2516279
2516639
2516999
2517359
2517719
2518079
2518439
2518799
2519159
2519519
2519879
2520239
2520599
2520959
2521319
2521679
2522039
2522399
2522759
2523119
2523479
2523839
2524199
2524559
2524919
2525279
2525639
2525999
2526359
2526719
2527079
2527439
2527799
2528159
2528519
2528879
2529239
2529599
2529959
2530319
2530679
2531039
2531399
2531759
2532119
2532479
2532839
2533199
2533559
2533919
2534279
2534639
2534999
2535359
2535719
2536079
2536439
2536799
2537159
2537519
2537879
2538239
2538599
2538959
2539319
2539679
2540039
2540399
2540759
2540999
2541359
2541719
2542079
2542439
2542799
2543159
2543519
2543879
2544239
2544599
2544959
2545319
2545679
2546039
2546399
2546759
2547119
2547479
2547839
2548199
2548559
2548919
2549279
2549639
2549999
2550359
2550719
2551079
2551439
2551799
2552159
2552519
2552879
2553239
2553599
2553959
2554319
2554679
2555039
2555399
2555759
2556119
2556479
2556839
2557199
2557559
2557919
2558279
2558639
2558999
2559359
2559719
2560079
2560439
2560799
2561159
2561519
2561879
2562239
2562599
2562959
2563319
2563679
2564039
2564399
2564759
2565119
2565479
2565839
2566199
2566559
2566919
2567279
2567639
2567999
2568359
2568719
2569079
2569439
2569799
2570159
2570519
2570879
2571239
2571599
2571959
2572319
2572679
2573039
2573399
2573759
2573999
2574359
2574719
2575079
2575439
2575799
2576159
2576519
2576879
2577239
2577599
2577959
2578319
2578679
2579039
2579399
2579759
2580119
2580479
2580839
2581199
2581559
2581919
2582279
2582639
2582999
2583359
2583719
2584079
2584439
2584799
2585159
2585519
2585879
2586239
2586599
2586959
2587319
2587679
2588039
2588399
2588759
2589119
2589479
2589839
2590199
2590559
2590919
2591279
2591639
2591999
2592359
2592719
2593079
2593439
2593799
2594159
2594519
2594879
2595239
2595599
2595959
2596319
2596679
2597039
2597399
2597759
2598119
2598479
2598839
2599199
2599559
2599919
2600279
2600639
2600999
2601359
2601719
2602079
2602439
2602799
2603159
2603519
2603879
2604239
2604599
2604959
2605319
2605679
2606039
2606399
2606759
2606999
2607359
2607719
2608079
2608439
2608799
2609159
2609519
2609879
2610239
2610599
2610959
2611319
2611679
2612039
2612399
2612759
2613119
2613479
2613839
2614199
2614559
2614919
2615279
2615639
2615999
2616359
2616719
2617079
2617439
2617799
2618159
2618519
2618879
2619239
2619599
2619959
2620319
2620679
2621039
2621399
2621759
2622119
2622479
2622839
2623199
2623559
2623919
2624279
2624639
2624999
2625359
2625719
2626079
2626439
2626799
2627159
2627519
2627879
2628239
2628599
2628959
2629319
2629679
2630039
2630399
2630759
2631119
2631479
2631839
2632199
2632559
2632919
2633279
2633639
2633999
2634359
2634719
2635079
2635439
2635799
2636159
2636519
2636879
2637239
2637599
2637959
2638319
2638679
2639039
2639399
2639759
2639999
2640359
2640719
2641079
2641439
2641799
2642159
2642519
2642879
2643239
2643599
2643959
2644319
2644679
2645039
2645399
2645759
2646119
2646479
2646839
2647199
2647559
2647919
2648279
2648639
2648999
2649359
2649719
2650079
2650439
2650799
2651159
2651519
2651879
2652239
2652599
2652959
2653319
2653679
2654039
2654399
2654759
2655119
2655479
2655839
2656199
2656559
2656919
2657279
2657639
2657999
2658359
2658719
2659079
2659439
2659799
2660159
2660519
2660879
2661239
2661599
2661959
2662319
2662679
2663039
2663399
2663759
2664119
2664479
2664839
2665199
2665559
2665919
2666279
2666639
2666999
2667359
2667719
2668079
2668439
2668799
2669159
2669519
2669879
2670239
2670599
2670959
2671319
2671679
2672039
2672399
2672759
2672999
2673359
2673719
2674079
2674439
2674799
2675159
2675519
2675879
2676239
2676599
2676959
2677319
2677679
2678039
2678399
2678759
2679119
2679479
2679839
2680199
2680559
2680919
2681279
2681639
2681999
2682359
2682719
2683079
2683439
2683799
2684159
2684519
2684879
2685239
2685599
2685959
2686319
2686679
2687039
2687399
2687759
2688119
2688479
2688839
2689199
2689559
2689919
2690279
2690639
2690999
2691359
2691719
2692079
2692439
2692799
2693159
2693519
2693879
2694239
2694599
2694959
2695319
2695679
2696039
2696399
2696759
2697119
2697479
2697839
2698199
2698559
2698919
2699279
2699639
2699999
2700359
2700719
2701079
2701439
2701799
2702159
2702519
2702879
2703239
2703599
2703959
2704319
2704679
2705039
2705399
2705759
2705999
2706359
2706719
2707079
2707439
2707799
2708159
2708519
2708879
2709239
2709599
2709959
2710319
2710679
2711039
2711399
2711759
2712119
2712479
2712839
2713199
2713559
2713919
2714279
2714639
2714999
2715359
2715719
2716079
2716439
2716799
2717159
2717519
2717879
2718239
2718599
2718959
2719319
2719679
2720039
2720399
2720759
2721119
2721479
2721839
2722199
2722559
2722919
2723279
2723639
2723999
2724359
2724719
2725079
2725439
2725799
2726159
2726519
2726879
2727239
2727599
2727959
2728319
2728679
2729039
2729399
2729759
2730119
2730479
2730839
2731199
2731559
2731919
2732279
2732639
2732999
2733359
2733719
2734079
2734439
2734799
2735159
2735519
2735879
2736239
2736599
2736959
2737319
2737679
2738039
2738399
2738759
2738999
2739359
2739719
2740079
2740439
2740799
2741159
2741519
2741879
2742239
2742599
2742959
2743319
2743679
2744039
2744399
2744759
2745119
2745479
2745839
2746199
2746559
2746919
2747279
2747639
2747999
2748359
2748719
2749079
2749439
2749799
2750159
2750519
2750879
2751239
2751599
2751959
2752319
2752679
2753039
2753399
2753759
2754119
2754479
2754839
2755199
2755559
2755919
2756279
2756639
2756999
2757359
2757719
2758079
2758439
2758799
2759159
2759519
2759879
2760239
2760599
2760959
2761319
2761679
2762039
2762399
2762759
2763119
2763479
2763839
2764199
2764559
2764919
2765279
2765639
2765999
2766359
2766719
2767079
2767439
2767799
2768159
2768519
2768879
2769239
2769599
2769959
2770319
2770679
2771039
2771399
2771759
2771999
2772359
2772719
2773079
2773439
2773799
2774159
2774519
2774879
2775239
2775599
2775959
2776319
2776679
2777039
2777399
2777759
2778119
2778479
2778839
2779199
2779559
2779919
2780279
2780639
2780999
2781359
2781719
2782079
2782439
2782799
2783159
2783519
2783879
2784239
2784599
2784959
2785319
2785679
2786039
2786399
2786759
2787119
2787479
2787839
2788199
2788559
2788919
2789279
2789639
2789999
2790359
2790719
2791079
2791439
2791799
2792159
2792519
2792879
2793239
2793599
2793959
2794319
2794679
2795039
2795399
2795759
2796119
2796479
2796839
2797199
2797559
2797919
2798279
2798639
2798999
2799359
2799719
2800079
2800439
2800799
2801159
2801519
2801879
2802239
2802599
2802959
2803319
2803679
2804039
2804399
2804759
2804999
2805359
2805719
2806079
2806439
2806799
2807159
2807519
2807879
2808239
2808599
2808959
2809319
2809679
2810039
2810399
2810759
2811119
2811479
2811839
2812199
2812559
2812919
2813279
2813639
2813999
2814359
2814719
2815079
2815439
2815799
2816159
2816519
2816879
2817239
2817599
2817959
2818319
2818679
2819039
2819399
2819759
2820119
2820479
2820839
2821199
2821559
2821919
2822279
2822639
2822999
2823359
2823719
2824079
2824439
2824799
2825159
2825519
2825879
2826239
2826599
2826959
2827319
2827679
2828039
2828399
2828759
2829119
2829479
2829839
2830199
2830559
2830919
2831279
2831639
2831999
2832359
2832719
2833079
2833439
2833799
2834159
2834519
2834879
2835239
2835599
2835959
2836319
2836679
2837039
2837399
2837759
2837999
2838359
2838719
2839079
2839439
2839799
2840159
2840519
2840879
2841239
2841599
2841959
2842319
2842679
2843039
2843399
2843759
2844119
2844479
2844839
2845199
2845559
2845919
2846279
2846639
2846999
2847359
2847719
2848079
2848439
2848799
2849159
2849519
2849879
2850239
2850599
2850959
2851319
2851679
2852039
2852399
2852759
2853119
2853479
2853839
2854199
2854559
2854919
2855279
2855639
2855999
2856359
2856719
2857079
2857439
2857799
2858159
2858519
2858879
2859239
2859599
2859959
2860319
2860679
2861039
2861399
2861759
2862119
2862479
2862839
2863199
2863559
2863919
2864279
2864639
2864999
2865359
2865719
2866079
2866439
2866799
2867159
2867519
2867879
2868239
2868599
2868959
2869319
2869679
2870039
2870399
2870759
2870999
2871359
2871719
2872079
2872439
2872799
2873159
2873519
2873879
2874239
2874599
2874959
2875319
2875679
2876039
2876399
2876759
2877119
2877479
2877839
2878199
2878559
2878919
2879279
2879639
2879999
2880359
2880719
2881079
2881439
2881799
2882159
2882519
2882879
2883239
2883599
2883959
2884319
2884679
2885039
2885399
2885759
2886119
2886479
2886839
2887199
2887559
2887919
2888279
2888639
2888999
2889359
2889719
2890079
2890439
2890799
2891159
2891519
2891879
2892239
2892599
2892959
2893319
2893679
2894039
2894399
2894759
2895119
2895479
2895839
2896199
2896559
2896919
2897279
2897639
2897999
2898359
2898719
2899079
2899439
2899799
2900159
2900519
2900879
2901239
2901599
2901959
2902319
2902679
2903039
2903399
2903759
2903999
2904359
2904719
2905079
2905439
2905799
2906159
2906519
2906879
2907239
2907599
2907959
2908319
2908679
2909039
2909399
2909759
2910119
2910479
2910839
2911199
2911559
2911919
2912279
2912639
2912999
2913359
2913719
2914079
2914439
2914799
2915159
2915519
2915879
2916239
2916599
2916959
2917319
2917679
2918039
2918399
2918759
2919119
2919479
2919839
2920199
2920559
2920919
2921279
2921639
2921999
2922359
2922719
2923079
2923439
2923799
2924159
2924519
2924879
2925239
2925599
2925959
2926319
2926679
2927039
2927399
2927759
2928119
2928479
2928839
2929199
2929559
2929919
2930279
2930639
2930999
2931359
2931719
2932079
2932439
2932799
2933159
2933519
2933879
2934239
2934599
2934959
2935319
2935679
2936039
2936399
2936759
2936999
2937359
2937719
2938079
2938439
2938799
2939159
2939519
2939879
2940239
2940599
2940959
2941319
2941679
2942039
2942399
2942759
2943119
2943479
2943839
2944199
2944559
2944919
2945279
2945639
2945999
2946359
2946719
2947079
2947439
2947799
2948159
2948519
2948879
2949239
2949599
2949959
2950319
2950679
2951039
2951399
2951759
2952119
2952479
2952839
2953199
2953559
2953919
2954279
2954639
2954999
2955359
2955719
2956079
2956439
2956799
2957159
2957519
2957879
2958239
2958599
2958959
2959319
2959679
2960039
2960399
2960759
2961119
2961479
2961839
2962199
2962559
2962919
2963279
2963639
2963999
2964359
2964719
2965079
2965439
2965799
2966159
2966519
2966879
2967239
2967599
2967959
2968319
2968679
2969039
2969399
2969759
2969999
2970359
2970719
2971079
2971439
2971799
2972159
2972519
2972879
2973239
2973599
2973959
2974319
2974679
2975039
2975399
2975759
2976119
2976479
2976839
2977199
2977559
2977919
2978279
2978639
2978999
2979359
2979719
2980079
2980439
2980799
2981159
2981519
2981879
2982239
2982599
2982959
2983319
2983679
2984039
2984399
2984759
2985119
2985479
2985839
2986199
2986559
2986919
2987279
2987639
2987999
2988359
2988719
2989079
2989439
2989799
2990159
2990519
2990879
2991239
2991599
2991959
2992319
2992679
2993039
2993399
2993759
2994119
2994479
2994839
2995199
2995559
2995919
2996279
2996639
2996999
2997359
2997719
2998079
2998439
2998799
2999159
2999519
2999879
3000239
3000599
3000959
3001319
3001679
3002039
3002399
3002759
3002999
3003239
3003479
3003719
3003959
3004199
3004439
3004679
3004919
3005159
3005399
3005639
3005879
3006119
3006359
3006599
3006839
3007079
3007319
3007559
3007799
3008039
3008279
3008519
3008759
3008999
3009239
3009479
3009719
3009959
3010199
3010439
3010679
3010919
3011159
3011399
3011639
3011879
3012119
3012359
3012599
3012839
3013079
3013319
3013559
3013799
3014039
3014279
3014519
3014759
3014999
3015239
3015479
3015719
3015959
3016199
3016439
3016679
3016919
3017159
3017399
3017639
3017879
3018119
3018359
3018599
3018839
3019079
3019319
3019559
3019799
3020039
3020279
3020519
3020759
3020999
3021239
3021479
3021719
3021959
3022199
3022439
3022679
3022919
3023159
3023399
3023639
3023879
3024119
3024359
3024599
3024839
3024959
)
;
flipMap         List<bool> 8464{0};
}

wall_merge0wall_merge10SlaveZone
{
    type faceZone;
faceLabels      0();
flipMap         0();
}

wall_merge0wall_merge10CutFaceZone
{
    type faceZone;
faceLabels      0();
flipMap         0();
}

wall_merge2wall_merge31MasterZone
{
    type faceZone;
faceLabels      List<label> 
2116
(
3025019
3025079
3025139
3025199
3025259
3025319
3025379
3025439
3025499
3025559
3025619
3025679
3025739
3025799
3025859
3025919
3025979
3026039
3026099
3026159
3026219
3026279
3026339
3026399
3026459
3026519
3026579
3026639
3026699
3026759
3026819
3026879
3026939
3026999
3027059
3027119
3027179
3027239
3027299
3027359
3027419
3027479
3027539
3027599
3027659
3027699
3027759
3027819
3027879
3027939
3027999
3028059
3028119
3028179
3028239
3028299
3028359
3028419
3028479
3028539
3028599
3028659
3028719
3028779
3028839
3028899
3028959
3029019
3029079
3029139
3029199
3029259
3029319
3029379
3029439
3029499
3029559
3029619
3029679
3029739
3029799
3029859
3029919
3029979
3030039
3030099
3030159
3030219
3030279
3030339
3030399
3030439
3030499
3030559
3030619
3030679
3030739
3030799
3030859
3030919
3030979
3031039
3031099
3031159
3031219
3031279
3031339
3031399
3031459
3031519
3031579
3031639
3031699
3031759
3031819
3031879
3031939
3031999
3032059
3032119
3032179
3032239
3032299
3032359
3032419
3032479
3032539
3032599
3032659
3032719
3032779
3032839
3032899
3032959
3033019
3033079
3033139
3033179
3033239
3033299
3033359
3033419
3033479
3033539
3033599
3033659
3033719
3033779
3033839
3033899
3033959
3034019
3034079
3034139
3034199
3034259
3034319
3034379
3034439
3034499
3034559
3034619
3034679
3034739
3034799
3034859
3034919
3034979
3035039
3035099
3035159
3035219
3035279
3035339
3035399
3035459
3035519
3035579
3035639
3035699
3035759
3035819
3035879
3035919
3035979
3036039
3036099
3036159
3036219
3036279
3036339
3036399
3036459
3036519
3036579
3036639
3036699
3036759
3036819
3036879
3036939
3036999
3037059
3037119
3037179
3037239
3037299
3037359
3037419
3037479
3037539
3037599
3037659
3037719
3037779
3037839
3037899
3037959
3038019
3038079
3038139
3038199
3038259
3038319
3038379
3038439
3038499
3038559
3038619
3038659
3038719
3038779
3038839
3038899
3038959
3039019
3039079
3039139
3039199
3039259
3039319
3039379
3039439
3039499
3039559
3039619
3039679
3039739
3039799
3039859
3039919
3039979
3040039
3040099
3040159
3040219
3040279
3040339
3040399
3040459
3040519
3040579
3040639
3040699
3040759
3040819
3040879
3040939
3040999
3041059
3041119
3041179
3041239
3041299
3041359
3041399
3041459
3041519
3041579
3041639
3041699
3041759
3041819
3041879
3041939
3041999
3042059
3042119
3042179
3042239
3042299
3042359
3042419
3042479
3042539
3042599
3042659
3042719
3042779
3042839
3042899
3042959
3043019
3043079
3043139
3043199
3043259
3043319
3043379
3043439
3043499
3043559
3043619
3043679
3043739
3043799
3043859
3043919
3043979
3044039
3044099
3044139
3044199
3044259
3044319
3044379
3044439
3044499
3044559
3044619
3044679
3044739
3044799
3044859
3044919
3044979
3045039
3045099
3045159
3045219
3045279
3045339
3045399
3045459
3045519
3045579
3045639
3045699
3045759
3045819
3045879
3045939
3045999
3046059
3046119
3046179
3046239
3046299
3046359
3046419
3046479
3046539
3046599
3046659
3046719
3046779
3046839
3046879
3046939
3046999
3047059
3047119
3047179
3047239
3047299
3047359
3047419
3047479
3047539
3047599
3047659
3047719
3047779
3047839
3047899
3047959
3048019
3048079
3048139
3048199
3048259
3048319
3048379
3048439
3048499
3048559
3048619
3048679
3048739
3048799
3048859
3048919
3048979
3049039
3049099
3049159
3049219
3049279
3049339
3049399
3049459
3049519
3049579
3049619
3049679
3049739
3049799
3049859
3049919
3049979
3050039
3050099
3050159
3050219
3050279
3050339
3050399
3050459
3050519
3050579
3050639
3050699
3050759
3050819
3050879
3050939
3050999
3051059
3051119
3051179
3051239
3051299
3051359
3051419
3051479
3051539
3051599
3051659
3051719
3051779
3051839
3051899
3051959
3052019
3052079
3052139
3052199
3052259
3052319
3052359
3052419
3052479
3052539
3052599
3052659
3052719
3052779
3052839
3052899
3052959
3053019
3053079
3053139
3053199
3053259
3053319
3053379
3053439
3053499
3053559
3053619
3053679
3053739
3053799
3053859
3053919
3053979
3054039
3054099
3054159
3054219
3054279
3054339
3054399
3054459
3054519
3054579
3054639
3054699
3054759
3054819
3054879
3054939
3054999
3055059
3055099
3055159
3055219
3055279
3055339
3055399
3055459
3055519
3055579
3055639
3055699
3055759
3055819
3055879
3055939
3055999
3056059
3056119
3056179
3056239
3056299
3056359
3056419
3056479
3056539
3056599
3056659
3056719
3056779
3056839
3056899
3056959
3057019
3057079
3057139
3057199
3057259
3057319
3057379
3057439
3057499
3057559
3057619
3057679
3057739
3057799
3057839
3057899
3057959
3058019
3058079
3058139
3058199
3058259
3058319
3058379
3058439
3058499
3058559
3058619
3058679
3058739
3058799
3058859
3058919
3058979
3059039
3059099
3059159
3059219
3059279
3059339
3059399
3059459
3059519
3059579
3059639
3059699
3059759
3059819
3059879
3059939
3059999
3060059
3060119
3060179
3060239
3060299
3060359
3060419
3060479
3060539
3060579
3060639
3060699
3060759
3060819
3060879
3060939
3060999
3061059
3061119
3061179
3061239
3061299
3061359
3061419
3061479
3061539
3061599
3061659
3061719
3061779
3061839
3061899
3061959
3062019
3062079
3062139
3062199
3062259
3062319
3062379
3062439
3062499
3062559
3062619
3062679
3062739
3062799
3062859
3062919
3062979
3063039
3063099
3063159
3063219
3063279
3063319
3063379
3063439
3063499
3063559
3063619
3063679
3063739
3063799
3063859
3063919
3063979
3064039
3064099
3064159
3064219
3064279
3064339
3064399
3064459
3064519
3064579
3064639
3064699
3064759
3064819
3064879
3064939
3064999
3065059
3065119
3065179
3065239
3065299
3065359
3065419
3065479
3065539
3065599
3065659
3065719
3065779
3065839
3065899
3065959
3066019
3066059
3066119
3066179
3066239
3066299
3066359
3066419
3066479
3066539
3066599
3066659
3066719
3066779
3066839
3066899
3066959
3067019
3067079
3067139
3067199
3067259
3067319
3067379
3067439
3067499
3067559
3067619
3067679
3067739
3067799
3067859
3067919
3067979
3068039
3068099
3068159
3068219
3068279
3068339
3068399
3068459
3068519
3068579
3068639
3068699
3068759
3068799
3068859
3068919
3068979
3069039
3069099
3069159
3069219
3069279
3069339
3069399
3069459
3069519
3069579
3069639
3069699
3069759
3069819
3069879
3069939
3069999
3070059
3070119
3070179
3070239
3070299
3070359
3070419
3070479
3070539
3070599
3070659
3070719
3070779
3070839
3070899
3070959
3071019
3071079
3071139
3071199
3071259
3071319
3071379
3071439
3071499
3071539
3071599
3071659
3071719
3071779
3071839
3071899
3071959
3072019
3072079
3072139
3072199
3072259
3072319
3072379
3072439
3072499
3072559
3072619
3072679
3072739
3072799
3072859
3072919
3072979
3073039
3073099
3073159
3073219
3073279
3073339
3073399
3073459
3073519
3073579
3073639
3073699
3073759
3073819
3073879
3073939
3073999
3074059
3074119
3074179
3074239
3074279
3074339
3074399
3074459
3074519
3074579
3074639
3074699
3074759
3074819
3074879
3074939
3074999
3075059
3075119
3075179
3075239
3075299
3075359
3075419
3075479
3075539
3075599
3075659
3075719
3075779
3075839
3075899
3075959
3076019
3076079
3076139
3076199
3076259
3076319
3076379
3076439
3076499
3076559
3076619
3076679
3076739
3076799
3076859
3076919
3076979
3077019
3077079
3077139
3077199
3077259
3077319
3077379
3077439
3077499
3077559
3077619
3077679
3077739
3077799
3077859
3077919
3077979
3078039
3078099
3078159
3078219
3078279
3078339
3078399
3078459
3078519
3078579
3078639
3078699
3078759
3078819
3078879
3078939
3078999
3079059
3079119
3079179
3079239
3079299
3079359
3079419
3079479
3079539
3079599
3079659
3079719
3079759
3079819
3079879
3079939
3079999
3080059
3080119
3080179
3080239
3080299
3080359
3080419
3080479
3080539
3080599
3080659
3080719
3080779
3080839
3080899
3080959
3081019
3081079
3081139
3081199
3081259
3081319
3081379
3081439
3081499
3081559
3081619
3081679
3081739
3081799
3081859
3081919
3081979
3082039
3082099
3082159
3082219
3082279
3082339
3082399
3082459
3082499
3082559
3082619
3082679
3082739
3082799
3082859
3082919
3082979
3083039
3083099
3083159
3083219
3083279
3083339
3083399
3083459
3083519
3083579
3083639
3083699
3083759
3083819
3083879
3083939
3083999
3084059
3084119
3084179
3084239
3084299
3084359
3084419
3084479
3084539
3084599
3084659
3084719
3084779
3084839
3084899
3084959
3085019
3085079
3085139
3085199
3085239
3085299
3085359
3085419
3085479
3085539
3085599
3085659
3085719
3085779
3085839
3085899
3085959
3086019
3086079
3086139
3086199
3086259
3086319
3086379
3086439
3086499
3086559
3086619
3086679
3086739
3086799
3086859
3086919
3086979
3087039
3087099
3087159
3087219
3087279
3087339
3087399
3087459
3087519
3087579
3087639
3087699
3087759
3087819
3087879
3087939
3087979
3088039
3088099
3088159
3088219
3088279
3088339
3088399
3088459
3088519
3088579
3088639
3088699
3088759
3088819
3088879
3088939
3088999
3089059
3089119
3089179
3089239
3089299
3089359
3089419
3089479
3089539
3089599
3089659
3089719
3089779
3089839
3089899
3089959
3090019
3090079
3090139
3090199
3090259
3090319
3090379
3090439
3090499
3090559
3090619
3090679
3090719
3090779
3090839
3090899
3090959
3091019
3091079
3091139
3091199
3091259
3091319
3091379
3091439
3091499
3091559
3091619
3091679
3091739
3091799
3091859
3091919
3091979
3092039
3092099
3092159
3092219
3092279
3092339
3092399
3092459
3092519
3092579
3092639
3092699
3092759
3092819
3092879
3092939
3092999
3093059
3093119
3093179
3093239
3093299
3093359
3093419
3093459
3093519
3093579
3093639
3093699
3093759
3093819
3093879
3093939
3093999
3094059
3094119
3094179
3094239
3094299
3094359
3094419
3094479
3094539
3094599
3094659
3094719
3094779
3094839
3094899
3094959
3095019
3095079
3095139
3095199
3095259
3095319
3095379
3095439
3095499
3095559
3095619
3095679
3095739
3095799
3095859
3095919
3095979
3096039
3096099
3096159
3096199
3096259
3096319
3096379
3096439
3096499
3096559
3096619
3096679
3096739
3096799
3096859
3096919
3096979
3097039
3097099
3097159
3097219
3097279
3097339
3097399
3097459
3097519
3097579
3097639
3097699
3097759
3097819
3097879
3097939
3097999
3098059
3098119
3098179
3098239
3098299
3098359
3098419
3098479
3098539
3098599
3098659
3098719
3098779
3098839
3098899
3098939
3098999
3099059
3099119
3099179
3099239
3099299
3099359
3099419
3099479
3099539
3099599
3099659
3099719
3099779
3099839
3099899
3099959
3100019
3100079
3100139
3100199
3100259
3100319
3100379
3100439
3100499
3100559
3100619
3100679
3100739
3100799
3100859
3100919
3100979
3101039
3101099
3101159
3101219
3101279
3101339
3101399
3101459
3101519
3101579
3101639
3101679
3101739
3101799
3101859
3101919
3101979
3102039
3102099
3102159
3102219
3102279
3102339
3102399
3102459
3102519
3102579
3102639
3102699
3102759
3102819
3102879
3102939
3102999
3103059
3103119
3103179
3103239
3103299
3103359
3103419
3103479
3103539
3103599
3103659
3103719
3103779
3103839
3103899
3103959
3104019
3104079
3104139
3104199
3104259
3104319
3104379
3104419
3104479
3104539
3104599
3104659
3104719
3104779
3104839
3104899
3104959
3105019
3105079
3105139
3105199
3105259
3105319
3105379
3105439
3105499
3105559
3105619
3105679
3105739
3105799
3105859
3105919
3105979
3106039
3106099
3106159
3106219
3106279
3106339
3106399
3106459
3106519
3106579
3106639
3106699
3106759
3106819
3106879
3106939
3106999
3107059
3107119
3107159
3107219
3107279
3107339
3107399
3107459
3107519
3107579
3107639
3107699
3107759
3107819
3107879
3107939
3107999
3108059
3108119
3108179
3108239
3108299
3108359
3108419
3108479
3108539
3108599
3108659
3108719
3108779
3108839
3108899
3108959
3109019
3109079
3109139
3109199
3109259
3109319
3109379
3109439
3109499
3109559
3109619
3109679
3109739
3109799
3109859
3109899
3109959
3110019
3110079
3110139
3110199
3110259
3110319
3110379
3110439
3110499
3110559
3110619
3110679
3110739
3110799
3110859
3110919
3110979
3111039
3111099
3111159
3111219
3111279
3111339
3111399
3111459
3111519
3111579
3111639
3111699
3111759
3111819
3111879
3111939
3111999
3112059
3112119
3112179
3112239
3112299
3112359
3112419
3112479
3112539
3112599
3112639
3112699
3112759
3112819
3112879
3112939
3112999
3113059
3113119
3113179
3113239
3113299
3113359
3113419
3113479
3113539
3113599
3113659
3113719
3113779
3113839
3113899
3113959
3114019
3114079
3114139
3114199
3114259
3114319
3114379
3114439
3114499
3114559
3114619
3114679
3114739
3114799
3114859
3114919
3114979
3115039
3115099
3115159
3115219
3115279
3115339
3115379
3115439
3115499
3115559
3115619
3115679
3115739
3115799
3115859
3115919
3115979
3116039
3116099
3116159
3116219
3116279
3116339
3116399
3116459
3116519
3116579
3116639
3116699
3116759
3116819
3116879
3116939
3116999
3117059
3117119
3117179
3117239
3117299
3117359
3117419
3117479
3117539
3117599
3117659
3117719
3117779
3117839
3117899
3117959
3118019
3118079
3118119
3118179
3118239
3118299
3118359
3118419
3118479
3118539
3118599
3118659
3118719
3118779
3118839
3118899
3118959
3119019
3119079
3119139
3119199
3119259
3119319
3119379
3119439
3119499
3119559
3119619
3119679
3119739
3119799
3119859
3119919
3119979
3120039
3120099
3120159
3120219
3120279
3120339
3120399
3120459
3120519
3120579
3120639
3120699
3120759
3120819
3120859
3120919
3120979
3121039
3121099
3121159
3121219
3121279
3121339
3121399
3121459
3121519
3121579
3121639
3121699
3121759
3121819
3121879
3121939
3121999
3122059
3122119
3122179
3122239
3122299
3122359
3122419
3122479
3122539
3122599
3122659
3122719
3122779
3122839
3122899
3122959
3123019
3123079
3123139
3123199
3123259
3123319
3123379
3123439
3123499
3123559
3123599
3123659
3123719
3123779
3123839
3123899
3123959
3124019
3124079
3124139
3124199
3124259
3124319
3124379
3124439
3124499
3124559
3124619
3124679
3124739
3124799
3124859
3124919
3124979
3125039
3125099
3125159
3125219
3125279
3125339
3125399
3125459
3125519
3125579
3125639
3125699
3125759
3125819
3125879
3125939
3125999
3126059
3126119
3126179
3126239
3126299
3126339
3126399
3126459
3126519
3126579
3126639
3126699
3126759
3126819
3126879
3126939
3126999
3127059
3127119
3127179
3127239
3127299
3127359
3127419
3127479
3127539
3127599
3127659
3127719
3127779
3127839
3127899
3127959
3128019
3128079
3128139
3128199
3128259
3128319
3128379
3128439
3128499
3128559
3128619
3128679
3128739
3128799
3128859
3128919
3128979
3129039
3129079
3129139
3129199
3129259
3129319
3129379
3129439
3129499
3129559
3129619
3129679
3129739
3129799
3129859
3129919
3129979
3130039
3130099
3130159
3130219
3130279
3130339
3130399
3130459
3130519
3130579
3130639
3130699
3130759
3130819
3130879
3130939
3130999
3131059
3131119
3131179
3131239
3131299
3131359
3131419
3131479
3131539
3131599
3131659
3131719
3131779
3131819
3131879
3131939
3131999
3132059
3132119
3132179
3132239
3132299
3132359
3132419
3132479
3132539
3132599
3132659
3132719
3132779
3132839
3132899
3132959
3133019
3133079
3133139
3133199
3133259
3133319
3133379
3133439
3133499
3133559
3133619
3133679
3133739
3133799
3133859
3133919
3133979
3134039
3134099
3134159
3134219
3134279
3134339
3134399
3134459
3134519
3134559
3134619
3134679
3134739
3134799
3134859
3134919
3134979
3135039
3135099
3135159
3135219
3135279
3135339
3135399
3135459
3135519
3135579
3135639
3135699
3135759
3135819
3135879
3135939
3135999
3136059
3136119
3136179
3136239
3136299
3136359
3136419
3136479
3136539
3136599
3136659
3136719
3136779
3136839
3136899
3136959
3137019
3137079
3137139
3137199
3137259
3137299
3137359
3137419
3137479
3137539
3137599
3137659
3137719
3137779
3137839
3137899
3137959
3138019
3138079
3138139
3138199
3138259
3138319
3138379
3138439
3138499
3138559
3138619
3138679
3138739
3138799
3138859
3138919
3138979
3139039
3139099
3139159
3139219
3139279
3139339
3139399
3139459
3139519
3139579
3139639
3139699
3139759
3139819
3139879
3139939
3139999
3140039
3140099
3140159
3140219
3140279
3140339
3140399
3140459
3140519
3140579
3140639
3140699
3140759
3140819
3140879
3140939
3140999
3141059
3141119
3141179
3141239
3141299
3141359
3141419
3141479
3141539
3141599
3141659
3141719
3141779
3141839
3141899
3141959
3142019
3142079
3142139
3142199
3142259
3142319
3142379
3142439
3142499
3142559
3142619
3142679
3142739
3142779
3142839
3142899
3142959
3143019
3143079
3143139
3143199
3143259
3143319
3143379
3143439
3143499
3143559
3143619
3143679
3143739
3143799
3143859
3143919
3143979
3144039
3144099
3144159
3144219
3144279
3144339
3144399
3144459
3144519
3144579
3144639
3144699
3144759
3144819
3144879
3144939
3144999
3145059
3145119
3145179
3145239
3145299
3145359
3145419
3145479
3145519
3145579
3145639
3145699
3145759
3145819
3145879
3145939
3145999
3146059
3146119
3146179
3146239
3146299
3146359
3146419
3146479
3146539
3146599
3146659
3146719
3146779
3146839
3146899
3146959
3147019
3147079
3147139
3147199
3147259
3147319
3147379
3147439
3147499
3147559
3147619
3147679
3147739
3147799
3147859
3147919
3147979
3148039
3148099
3148159
3148219
3148259
3148299
3148339
3148379
3148419
3148459
3148499
3148539
3148579
3148619
3148659
3148699
3148739
3148779
3148819
3148859
3148899
3148939
3148979
3149019
3149059
3149099
3149139
3149179
3149219
3149259
3149299
3149339
3149379
3149419
3149459
3149499
3149539
3149579
3149619
3149659
3149699
3149739
3149779
3149819
3149859
3149899
3149939
3149979
3150019
3150059
3150079
)
;
flipMap         List<bool> 2116{0};
}

wall_merge2wall_merge31SlaveZone
{
    type faceZone;
faceLabels      0();
flipMap         0();
}

wall_merge2wall_merge31CutFaceZone
{
    type faceZone;
faceLabels      0();
flipMap         0();
}
)

// ************************************************************************* //
